0,0,0,14.8125,0,6,0,0,0,0,0
0,0,0,12.6125,1,5,1,0,0,0,0
0,0,0,18.307692307692307,0,1,0,4,0,0,1
0,0,0,21.454545454545453,0,0,1,8,0,0,0
0,0,2.902142857142857,6.857142857142857,1,3,0,60,0,0,0
0,0,0,22,0,2,0,1,0,0,1
0,0,0,1,1,1,1,2,0,1,0
0,0,0,19.392857142857142,0,0,0,2,0,0,1
0,0,0,1.4851485148514851,1,11,0,2,0,1,0
0,0,0,4.683333333333334,0,10,1,10,0,0,0
0,0,0,23.416666666666668,0,2,9,10,0,0,0
0,0,0,5.604166666666667,0,2,0,45,0,0,0
0,0,0,7.472222222222222,1,1,1,31,0,0,0
0,0,0,22.416666666666668,0,0,7,10,0,0,0
0,0,0,1.7647058823529411,1,7,0,2,0,1,0
0,0,0,2.6470588235294117,0,6,1,1,0,0,0
0,0,0,1.7647058823529411,0,5,2,1,0,0,0
0,0,0,1.7647058823529411,0,4,3,1,0,0,0
0,0,0,0.8823529411764706,1,3,4,1,0,0,0
0,0,0,1.7647058823529411,1,2,5,1,0,0,0
0,0,0,1.8235294117647058,1,1,6,1,0,0,0
0,0,0,2.6470588235294117,0,9,2,1,0,0,0
0,0,0,1.7647058823529411,1,8,3,1,0,0,0
0,0,0,5.352941176470588,1,7,4,1,0,0,0
0,0,0,9.764705882352942,0,6,5,1,0,0,0
0,0,0,1.7647058823529411,1,5,6,1,0,0,0
0,0,0,3.588235294117647,0,4,7,1,0,0,0
0,0,0,1.7647058823529411,1,3,8,1,0,0,0
0,0,0,22,0,2,0,1,0,0,1
0,0,0,1,1,1,1,2,0,1,0
0,0,0,19.392857142857142,0,0,0,2,0,0,1
0,0,0,7.472222222222222,0,0,0,15,0,0,0
0,0,0,22.416666666666668,0,0,0,4,0,0,0
0,0,0,5.604166666666667,0,3,0,27,0,0,0
0,0,0,7.472222222222222,0,2,1,18,0,0,0
0,0,0,7.472222222222222,0,1,2,16,0,0,0
0,0,0,7.472222222222222,0,0,3,24,0,0,0
0,0,0,23.416666666666668,0,0,1,3,0,1,0
0,0,0,22,0,2,0,1,0,0,1
0,0,0,1,1,1,1,2,0,1,0
0,0,0,19.392857142857142,0,0,0,2,0,0,1
0,0,0,1.5,0,0,0,2,0,1,0
0,0,0,7.5,0,0,0,8,0,1,0
0,0,0,1.5,0,0,0,2,0,1,0
0,0,0,3.75,0,0,0,8,0,1,0
0,0,0,2.4867256637168142,0,0,1,9,0,0,0
0,0,0,22,0,2,0,1,0,0,1
0,0,0,1,1,1,1,2,0,1,0
0,0,0,19.392857142857142,0,0,0,2,0,0,1
0,0,0,3.2023809523809526,1,1,0,46,0,0,0
0,0,0,22.416666666666668,0,0,10,9,0,0,0
0,0,0,3.588235294117647,0,10,0,2,0,1,0
0,0,0,3.5294117647058822,1,9,1,1,0,0,0
0,0,0,4.470588235294118,0,8,2,1,0,0,0
0,0,0,3.5294117647058822,0,7,3,1,0,0,0
0,0,0,1.7647058823529411,1,6,4,1,0,0,0
0,0,0,1.8235294117647058,0,5,5,1,0,0,0
0,0,0,1.7647058823529411,0,4,6,1,0,0,0
0,0,0,1.7647058823529411,0,3,7,1,0,0,0
0,0,0,1.7647058823529411,1,2,8,1,0,0,0
0,0,0,3.5294117647058822,1,1,9,1,0,0,0
0,0,0,12.153846153846153,0,2,0,1,0,0,1
0,0,0,1,1,1,1,2,0,1,0
0,0,0,10.714285714285714,0,0,0,3,0,1,1
0,0,0,0.9615384615384616,0,1,0,13,0,1,0
0,0,0,12.75,0,0,1,7,0,0,0
0,0,0,12.153846153846153,0,2,0,1,0,0,1
0,0,0,1,1,1,1,2,0,1,0
0,0,0,10.714285714285714,0,0,0,6,0,1,1
0,0,0,11.75,1,12,0,6,0,1,0
0,0,0,3.9166666666666665,1,11,1,12,0,0,0
0,0,0,2.9375,0,10,2,10,0,0,0
0,0,0,2.9375,0,9,3,12,0,1,0
0,0,0,5.875,0,8,4,9,0,1,0
0,0,0,5.875,0,7,5,15,0,1,0
0,0,0,5.875,0,6,6,15,0,1,0
0,0,0,5.875,0,5,7,6,0,1,0
0,0,0,11.75,0,4,8,8,0,1,0
0,0,0,11.75,1,3,9,6,0,1,0
0,0,0,3.9166666666666665,0,2,10,21,0,1,0
0,0,0,3.9166666666666665,1,1,11,9,0,0,0
0,0,0,2.35,0,0,12,18,0,1,0
0,0,0,12.153846153846153,0,2,0,1,0,0,1
0,0,0,1,1,1,1,2,0,1,0
0,0,0,10.714285714285714,0,0,0,2,0,0,1
0,0,0,2.8598130841121496,0,12,0,2,0,1,0
0,0,0,0.8823529411764706,1,11,1,1,0,0,0
0,0,0,4.411764705882353,0,10,2,1,0,0,0
0,0,0,3.588235294117647,0,9,3,1,0,0,0
0,0,0,1.7647058823529411,0,8,4,1,0,0,0
0,0,0,1.7647058823529411,0,7,5,1,0,0,0
0,0,0,0.8823529411764706,1,6,6,1,0,0,0
0,0,0,3.5294117647058822,1,5,7,1,0,0,0
0,0,0,4.411764705882353,0,4,8,1,0,0,0
0,0,0,1.7647058823529411,0,3,9,1,0,0,0
0,0,0,1.7647058823529411,0,2,10,1,0,0,0
0,0,0,1.7647058823529411,1,1,11,1,0,0,0
0,0,0,2.6470588235294117,0,0,12,1,0,0,0
0,0,0,12.75,0,0,1,6,0,1,0
0,0,0,12.153846153846153,0,2,0,1,0,0,1
0,0,0,1,1,1,1,2,0,1,0
0,0,0,10.714285714285714,0,0,0,3,0,1,1
0,0,0,6.375,0,3,0,27,0,1,0
0,0,0,4.523809523809524,0,1,0,6,0,0,0
0,0,0,12.153846153846153,0,2,0,1,0,0,1
0,0,0,1,1,1,1,2,0,1,0
0,0,0,10.714285714285714,0,0,0,2,0,0,1
0,0,0,5.642857142857143,0,0,0,22,0,1,0
0,0,0,12.153846153846153,0,2,0,1,0,0,1
0,0,0,1,1,1,1,2,0,1,0
0,0,0,10.714285714285714,0,0,0,2,0,0,1
0,0,0,9.875,0,0,0,8,0,1,0
0,0,0,7.575,0,0,0,176,0,0,0
0,0,0,19.333333333333332,0,0,3,8,0,0,0
0,0,0,8.882352941176471,0,3,0,1,0,0,0
0,0,0,6.176470588235294,1,2,1,1,0,0,0
0,0,0,0.511727078891258,0,2,1,1156,0,0,0
0,0,0,7.5,1,1,2,158,0,0,0
0,0,0,3.7065637065637067,0,0,3,215,0,0,0
0,0,1,10.384615384615385,0,4,0,1,0,0,0
0,0,0,2.769230769230769,1,3,1,2,0,1,0
0,0,0,3.6923076923076925,1,2,2,2,0,1,0
0,0,0,6.461538461538462,0,1,3,2,0,1,0
0,0,0,3.6923076923076925,0,0,4,2,0,1,0
0,0,0.15782374100719423,27.8,0,2,0,22,0,0,0
0,0,2,2.25,0,1,0,3,0,1,1
0,0,2,1.275,0,0,1,3,0,1,1
0,0,2,0.95,1,2,0,3,0,1,1
0,0,2,2.25,0,1,1,3,0,1,1
0,0,2,1.6,0,0,2,3,0,1,1
0,0,6,11,0,0,0,6,0,0,0
0,0,5.76,10.56,0,0,1,9,0,0,0
0,0,0,1,1,6,0,1,0,1,1
0,0,0,6.894736842105263,1,7,0,2,0,1,0
0,0,0,4.09375,0,6,1,2,0,1,0
0,0,0,6.894736842105263,0,5,2,2,0,1,0
0,0,0,6.894736842105263,0,4,3,2,0,1,0
0,0,0,6.894736842105263,0,3,4,2,0,1,0
0,0,0,6.894736842105263,0,2,5,2,0,1,0
0,0,0,6.894736842105263,1,1,6,2,0,1,0
0,0,0,4.09375,0,0,7,2,0,1,0
0,0,0,5.791666666666667,1,1,0,1,0,0,1
0,0,0,6.842105263157895,0,5,0,2,0,1,0
0,0,0,6.842105263157895,0,4,1,2,0,1,0
0,0,0,6.842105263157895,0,3,2,2,0,1,0
0,0,0,6.842105263157895,0,2,3,2,0,1,0
0,0,0,6.842105263157895,1,1,4,2,0,1,0
0,0,0,4.0625,0,0,5,2,0,1,0
0,0,0,5.791666666666667,1,1,0,1,0,0,1
0,0,0,6.842105263157895,1,2,0,2,0,1,0
0,0,0,4.0625,0,1,1,2,0,1,0
0,0,0,6.842105263157895,0,0,2,2,0,1,0
0,0,0,5.791666666666667,1,1,0,1,0,0,1
0,0,0,6.842105263157895,0,9,0,2,0,1,0
0,0,0,6.842105263157895,0,8,1,2,0,1,0
0,0,0,6.842105263157895,0,7,2,2,0,1,0
0,0,0,6.842105263157895,0,6,3,2,0,1,0
0,0,0,6.842105263157895,0,5,4,2,0,1,0
0,0,0,6.842105263157895,0,4,5,2,0,1,0
0,0,0,6.842105263157895,0,3,6,2,0,1,0
0,0,0,6.842105263157895,0,2,7,2,0,1,0
0,0,0,6.842105263157895,0,1,8,2,0,1,0
0,0,0,6.842105263157895,0,0,9,2,0,1,0
0,0,0,5.791666666666667,1,1,0,1,0,0,1
0,0,0,6.842105263157895,0,7,0,2,0,1,0
0,0,0,6.842105263157895,1,6,1,2,0,1,0
0,0,0,4.0625,0,5,2,2,0,1,0
0,0,0,6.842105263157895,0,4,3,2,0,1,0
0,0,0,6.842105263157895,0,3,4,2,0,1,0
0,0,0,6.842105263157895,0,2,5,2,0,1,0
0,0,0,6.842105263157895,0,1,6,2,0,1,0
0,0,0,6.842105263157895,0,0,7,2,0,1,0
0,0,0,5.208333333333333,1,1,1,1,0,0,1
0,0,0,6.842105263157895,0,44,6,2,0,1,0
0,0,0,6.842105263157895,0,42,8,2,0,1,0
0,0,0,6.842105263157895,0,40,10,2,0,1,0
0,0,0,6.842105263157895,0,35,15,2,0,1,0
0,0,0,6.842105263157895,0,28,22,2,0,1,0
0,0,0,6.842105263157895,0,25,25,2,0,1,0
0,0,0,6.842105263157895,0,19,31,2,0,1,0
0,0,0,6.842105263157895,0,13,37,2,0,1,0
0,0,0,6.842105263157895,0,7,43,2,0,1,0
0,0,1,2.4615384615384617,0,0,50,1,0,0,0
0,0,0,0.875,1,2,0,0,0,0,0
0,0,0,37.26923076923077,0,1,0,7,0,0,0
0,0,0,37.26923076923077,0,0,1,8,0,0,0
0,0,0,3.727272727272727,1,5,0,2,0,1,0
0,0,0,3.757575757575758,0,4,1,2,0,1,0
0,0,0,1.3636363636363635,0,3,2,2,0,1,0
0,0,0,1,1,2,3,2,0,1,0
0,0,0,3.090909090909091,0,1,4,2,0,1,0
0,0,0,2.3636363636363638,0,0,5,2,0,1,0
0,0,0,2.0952380952380953,0,1,0,4,0,0,0
0,0,0,2.0952380952380953,0,0,1,4,0,0,0
